Decoding Files
Art Count: 348
Master Offset: 16368
Decoded Index : 0
{ 1, 2, 2916, 4500, 15, 15, 900, 0, 30, 30, 3600, 900, 0, 0, 0, 0, 348, 0, 0, 1606414036 }
Decoded Index : 1
{ 1, 2, 2916, 4500, 15, 15, 900, 4500, 30, 30, 3600, 5400, 0, 0, 0, 0, 348, 0, 0, 96 }
Decoded Index : 2
{ 1, 2, 2901, 4500, 15, 15, 900, 9000, 30, 30, 3600, 9900, 0, 0, 0, 0, 348, 0, 0, 92 }
Decoded Index : 3
{ 1, 2, 2876, 4500, 15, 15, 900, 13500, 30, 30, 3600, 14400, 0, 0, 0, 0, 348, 0, 0, 92 }
Decoded Index : 4
{ 2, 1, 235, 1024, 16, 16, 1024, 18000, 43392, 17, 1, 4, 0, 0, 0, 0, 348, 0, 0, 94 }
Decoded Index : 5
{ 2, 1, 235, 1024, 16, 16, 1024, 19024, 43392, 17, 1, 5, 0, 0, 0, 0, 348, 0, 0, 90 }
Decoded Index : 6
{ 1, 2, 2891, 500, 5, 5, 100, 20048, 10, 10, 400, 20148, 0, 0, 0, 0, 348, 0, 0, 90 }
Decoded Index : 7
{ 1, 2, 2903, 2420, 11, 11, 484, 20548, 22, 22, 1936, 21032, 0, 0, 0, 0, 348, 0, 0, 90 }
Decoded Index : 8
{ 1, 2, 2903, 2420, 11, 11, 484, 22968, 22, 22, 1936, 23452, 0, 0, 0, 0, 348, 0, 0, 94 }
Decoded Index : 9
{ 1, 2, 2874, 2420, 11, 11, 484, 25388, 22, 22, 1936, 25872, 0, 0, 0, 0, 348, 0, 0, 94 }
Decoded Index : 10
{ 1, 2, 2860, 2420, 11, 11, 484, 27808, 22, 22, 1936, 28292, 0, 0, 0, 0, 348, 0, 0, 94 }
Decoded Index : 11
{ 1, 2, 3436, 9680, 22, 22, 1936, 30228, 44, 44, 7744, 32164, 0, 0, 0, 0, 348, 0, 0, 94 }
Decoded Index : 12
{ 1, 2, 3470, 9680, 22, 22, 1936, 39908, 44, 44, 7744, 41844, 0, 0, 0, 0, 348, 0, 0, 95 }
Decoded Index : 13
{ 1, 2, 1799, 17920, 28, 32, 3584, 49588, 56, 64, 14336, 53172, 0, 0, 0, 0, 348, 0, 0, 95 }
Decoded Index : 14
{ 1, 2, 3218, 21780, 33, 33, 4356, 67508, 66, 66, 17424, 71864, 0, 0, 0, 0, 348, 0, 0, 97 }
Decoded Index : 15
{ 1, 2, 2842, 660, 1, 33, 132, 89288, 2, 66, 528, 89420, 0, 0, 0, 0, 348, 0, 0, 97 }
Decoded Index : 16
{ 1, 2, 3233, 21780, 33, 33, 4356, 89948, 66, 66, 17424, 94304, 0, 0, 0, 0, 348, 0, 0, 90 }
Decoded Index : 17
{ 1, 2, 3948, 23100, 35, 33, 4620, 111728, 70, 66, 18480, 116348, 0, 0, 0, 0, 348, 0, 0, 97 }
Decoded Index : 18
{ 1, 2, 2792, 20, 1, 1, 4, 134828, 2, 2, 16, 134832, 0, 0, 0, 0, 348, 0, 0, 99 }
Decoded Index : 19
{ 1, 2, 2835, 660, 33, 1, 132, 134848, 66, 2, 528, 134980, 0, 0, 0, 0, 348, 0, 0, 86 }
Decoded Index : 20
{ 1, 2, 3864, 23100, 33, 35, 4620, 135508, 66, 70, 18480, 140128, 0, 0, 0, 0, 348, 0, 0, 92 }
Decoded Index : 21
{ 1, 2, 2838, 660, 33, 1, 132, 158608, 66, 2, 528, 158740, 0, 0, 0, 0, 348, 0, 0, 99 }
Decoded Index : 22
{ 1, 2, 3898, 23100, 33, 35, 4620, 159268, 66, 70, 18480, 163888, 0, 0, 0, 0, 348, 0, 0, 92 }
Decoded Index : 23
{ 1, 2, 3153, 21780, 33, 33, 4356, 182368, 66, 66, 17424, 186724, 0, 0, 0, 0, 348, 0, 0, 99 }
Decoded Index : 24
{ 1, 2, 2833, 660, 1, 33, 132, 204148, 2, 66, 528, 204280, 0, 0, 0, 0, 348, 0, 0, 99 }
Decoded Index : 25
{ 1, 2, 3207, 21780, 33, 33, 4356, 204808, 66, 66, 17424, 209164, 0, 0, 0, 0, 348, 0, 0, 92 }
Decoded Index : 26
{ 1, 2, 3868, 23100, 35, 33, 4620, 226588, 70, 66, 18480, 231208, 0, 0, 0, 0, 348, 0, 0, 99 }
Decoded Index : 27
{ 1, 2, 2922, 2420, 11, 11, 484, 249688, 22, 22, 1936, 250172, 0, 0, 0, 0, 348, 0, 0, 99 }
Decoded Index : 28
{ 1, 2, 2924, 2420, 11, 11, 484, 252108, 22, 22, 1936, 252592, 0, 0, 0, 0, 348, 0, 0, 96 }
Decoded Index : 29
{ 1, 2, 2832, 2420, 11, 11, 484, 254528, 22, 22, 1936, 255012, 0, 0, 0, 0, 348, 0, 0, 96 }
Decoded Index : 30
{ 1, 2, 2826, 2420, 11, 11, 484, 256948, 22, 22, 1936, 257432, 0, 0, 0, 0, 348, 0, 0, 96 }
Decoded Index : 31
{ 1, 2, 2826, 2420, 11, 11, 484, 259368, 22, 22, 1936, 259852, 0, 0, 0, 0, 348, 0, 0, 96 }
Decoded Index : 32
{ 1, 2, 2912, 2420, 11, 11, 484, 261788, 22, 22, 1936, 262272, 0, 0, 0, 0, 348, 0, 0, 96 }
Decoded Index : 33
{ 1, 2, 2919, 2420, 11, 11, 484, 264208, 22, 22, 1936, 264692, 0, 0, 0, 0, 348, 0, 0, 96 }
Decoded Index : 34
{ 1, 2, 2829, 2420, 11, 11, 484, 266628, 22, 22, 1936, 267112, 0, 0, 0, 0, 348, 0, 0, 96 }
Decoded Index : 35
{ 1, 2, 2818, 2420, 11, 11, 484, 269048, 22, 22, 1936, 269532, 0, 0, 0, 0, 348, 0, 0, 96 }
Decoded Index : 36
{ 1, 2, 2818, 2420, 11, 11, 484, 271468, 22, 22, 1936, 271952, 0, 0, 0, 0, 348, 0, 0, 96 }
Decoded Index : 37
{ 1, 2, 2814, 2420, 11, 11, 484, 273888, 22, 22, 1936, 274372, 0, 0, 0, 0, 348, 0, 0, 96 }
Decoded Index : 38
{ 1, 2, 2814, 2420, 11, 11, 484, 276308, 22, 22, 1936, 276792, 0, 0, 0, 0, 348, 0, 0, 96 }
Decoded Index : 39
{ 1, 2, 2928, 2420, 11, 11, 484, 278728, 22, 22, 1936, 279212, 0, 0, 0, 0, 348, 0, 0, 96 }
Decoded Index : 40
{ 1, 2, 2909, 2420, 11, 11, 484, 281148, 22, 22, 1936, 281632, 0, 0, 0, 0, 348, 0, 0, 96 }
Decoded Index : 41
{ 1, 2, 2832, 2420, 11, 11, 484, 283568, 22, 22, 1936, 284052, 0, 0, 0, 0, 348, 0, 0, 96 }
Decoded Index : 42
{ 1, 2, 2829, 2420, 11, 11, 484, 285988, 22, 22, 1936, 286472, 0, 0, 0, 0, 348, 0, 0, 96 }
Decoded Index : 43
{ 1, 2, 2829, 2420, 11, 11, 484, 288408, 22, 22, 1936, 288892, 0, 0, 0, 0, 348, 0, 0, 96 }
Decoded Index : 44
{ 1, 2, 2938, 2420, 11, 11, 484, 290828, 22, 22, 1936, 291312, 0, 0, 0, 0, 348, 0, 0, 96 }
Decoded Index : 45
{ 1, 2, 2925, 2420, 11, 11, 484, 293248, 22, 22, 1936, 293732, 0, 0, 0, 0, 348, 0, 0, 96 }
Decoded Index : 46
{ 1, 2, 2833, 2420, 11, 11, 484, 295668, 22, 22, 1936, 296152, 0, 0, 0, 0, 348, 0, 0, 96 }
Decoded Index : 47
{ 1, 2, 3016, 8800, 20, 22, 1760, 298088, 40, 44, 7040, 299848, 0, 0, 0, 0, 348, 0, 0, 96 }
Decoded Index : 48
{ 1, 2, 2816, 420, 1, 21, 84, 306888, 2, 42, 336, 306972, 0, 0, 0, 0, 348, 0, 0, 97 }
Decoded Index : 49
{ 1, 2, 2836, 460, 1, 23, 92, 307308, 2, 46, 368, 307400, 0, 0, 0, 0, 348, 0, 0, 91 }
Decoded Index : 50
{ 1, 2, 2837, 460, 1, 23, 92, 307768, 2, 46, 368, 307860, 0, 0, 0, 0, 348, 0, 0, 91 }
Decoded Index : 51
{ 1, 2, 2810, 2420, 11, 11, 484, 308228, 22, 22, 1936, 308712, 0, 0, 0, 0, 348, 0, 0, 91 }
Decoded Index : 52
{ 1, 2, 2841, 2420, 11, 11, 484, 310648, 22, 22, 1936, 311132, 0, 0, 0, 0, 348, 0, 0, 96 }
Decoded Index : 53
{ 1, 2, 2838, 2420, 11, 11, 484, 313068, 22, 22, 1936, 313552, 0, 0, 0, 0, 348, 0, 0, 96 }
Decoded Index : 54
{ 1, 2, 2839, 2420, 11, 11, 484, 315488, 22, 22, 1936, 315972, 0, 0, 0, 0, 348, 0, 0, 96 }
Decoded Index : 55
{ 1, 2, 2833, 2420, 11, 11, 484, 317908, 22, 22, 1936, 318392, 0, 0, 0, 0, 348, 0, 0, 96 }
Decoded Index : 56
{ 1, 2, 3279, 5120, 16, 16, 1024, 320328, 32, 32, 4096, 321352, 0, 0, 0, 0, 348, 0, 0, 96 }
Decoded Index : 57
{ 1, 2, 3232, 5120, 16, 16, 1024, 325448, 32, 32, 4096, 326472, 0, 0, 0, 0, 348, 0, 0, 97 }
Decoded Index : 58
{ 1, 2, 2840, 3040, 8, 19, 608, 330568, 16, 38, 2432, 331176, 0, 0, 0, 0, 348, 0, 0, 97 }
Decoded Index : 59
{ 1, 2, 2935, 2660, 7, 19, 532, 333608, 14, 38, 2128, 334140, 0, 0, 0, 0, 348, 0, 0, 95 }
Decoded Index : 60
{ 1, 2, 2958, 2660, 7, 19, 532, 336268, 14, 38, 2128, 336800, 0, 0, 0, 0, 348, 0, 0, 95 }
Decoded Index : 61
{ 1, 2, 2809, 1120, 8, 7, 224, 338928, 16, 14, 896, 339152, 0, 0, 0, 0, 348, 0, 0, 95 }
Decoded Index : 62
{ 1, 2, 2906, 980, 7, 7, 196, 340048, 14, 14, 784, 340244, 0, 0, 0, 0, 348, 0, 0, 93 }
Decoded Index : 63
{ 1, 2, 2897, 980, 7, 7, 196, 341028, 14, 14, 784, 341224, 0, 0, 0, 0, 348, 0, 0, 92 }
Decoded Index : 64
{ 1, 2, 2827, 3040, 8, 19, 608, 342008, 16, 38, 2432, 342616, 0, 0, 0, 0, 348, 0, 0, 92 }
Decoded Index : 65
{ 1, 2, 2941, 2660, 7, 19, 532, 345048, 14, 38, 2128, 345580, 0, 0, 0, 0, 348, 0, 0, 95 }
Decoded Index : 66
{ 1, 2, 2959, 2660, 7, 19, 532, 347708, 14, 38, 2128, 348240, 0, 0, 0, 0, 348, 0, 0, 95 }
Decoded Index : 67
{ 1, 2, 2806, 1120, 7, 8, 224, 350368, 14, 16, 896, 350592, 0, 0, 0, 0, 348, 0, 0, 95 }
Decoded Index : 68
{ 1, 2, 2805, 1120, 7, 8, 224, 351488, 14, 16, 896, 351712, 0, 0, 0, 0, 348, 0, 0, 93 }
Decoded Index : 69
{ 1, 2, 2830, 2420, 11, 11, 484, 352608, 22, 22, 1936, 353092, 0, 0, 0, 0, 348, 0, 0, 93 }
Decoded Index : 70
{ 1, 2, 3126, 3060, 9, 17, 612, 355028, 18, 34, 2448, 355640, 0, 0, 0, 0, 348, 0, 0, 96 }
Decoded Index : 71
{ 1, 2, 2833, 340, 1, 17, 68, 358088, 2, 34, 272, 358156, 0, 0, 0, 0, 348, 0, 0, 95 }
Decoded Index : 72
{ 1, 2, 3135, 3060, 9, 17, 612, 358428, 18, 34, 2448, 359040, 0, 0, 0, 0, 348, 0, 0, 91 }
Decoded Index : 73
{ 1, 2, 3115, 3060, 9, 17, 612, 361488, 18, 34, 2448, 362100, 0, 0, 0, 0, 348, 0, 0, 95 }
Decoded Index : 74
{ 1, 2, 2835, 340, 1, 17, 68, 364548, 2, 34, 272, 364616, 0, 0, 0, 0, 348, 0, 0, 95 }
Decoded Index : 75
{ 1, 2, 3123, 3060, 9, 17, 612, 364888, 18, 34, 2448, 365500, 0, 0, 0, 0, 348, 0, 0, 91 }
Decoded Index : 76
{ 1, 2, 3125, 3060, 9, 17, 612, 367948, 18, 34, 2448, 368560, 0, 0, 0, 0, 348, 0, 0, 95 }
Decoded Index : 77
{ 1, 2, 2832, 340, 1, 17, 68, 371008, 2, 34, 272, 371076, 0, 0, 0, 0, 348, 0, 0, 95 }
Decoded Index : 78
{ 1, 2, 3133, 3060, 9, 17, 612, 371348, 18, 34, 2448, 371960, 0, 0, 0, 0, 348, 0, 0, 91 }
Decoded Index : 79
{ 1, 2, 2828, 2420, 11, 11, 484, 374408, 22, 22, 1936, 374892, 0, 0, 0, 0, 348, 0, 0, 95 }
Decoded Index : 80
{ 1, 2, 16004, 327680, 128, 128, 65536, 376828, 256, 256, 262144, 442364, 0, 0, 0, 0, 348, 0, 0, 96 }
Decoded Index : 81
{ 1, 2, 19306, 327680, 128, 128, 65536, 704508, 256, 256, 262144, 770044, 0, 0, 0, 0, 348, 0, 0, 107 }
Decoded Index : 82
{ 1, 2, 22359, 327680, 128, 128, 65536, 1032188, 256, 256, 262144, 1097724, 0, 0, 0, 0, 348, 0, 0, 108 }
Decoded Index : 83
{ 1, 2, 15798, 327680, 128, 128, 65536, 1359868, 256, 256, 262144, 1425404, 0, 0, 0, 0, 348, 0, 0, 110 }
Decoded Index : 84
{ 1, 2, 9172, 327680, 128, 128, 65536, 1687548, 256, 256, 262144, 1753084, 0, 0, 0, 0, 348, 0, 0, 110 }
Decoded Index : 85
{ 1, 2, 2812, 2420, 11, 11, 484, 2015228, 22, 22, 1936, 2015712, 0, 0, 0, 0, 348, 0, 0, 109 }
Decoded Index : 86
{ 1, 2, 2842, 2420, 11, 11, 484, 2017648, 22, 22, 1936, 2018132, 0, 0, 0, 0, 348, 0, 0, 99 }
Decoded Index : 87
{ 1, 2, 2838, 2420, 11, 11, 484, 2020068, 22, 22, 1936, 2020552, 0, 0, 0, 0, 348, 0, 0, 98 }
Decoded Index : 88
{ 1, 2, 2845, 2420, 11, 11, 484, 2022488, 22, 22, 1936, 2022972, 0, 0, 0, 0, 348, 0, 0, 98 }
Decoded Index : 89
{ 1, 2, 2833, 2420, 11, 11, 484, 2024908, 22, 22, 1936, 2025392, 0, 0, 0, 0, 348, 0, 0, 98 }
Decoded Index : 90
{ 1, 2, 3331, 12040, 14, 43, 2408, 2027328, 28, 86, 9632, 2029736, 0, 0, 0, 0, 348, 0, 0, 98 }
Decoded Index : 91
{ 1, 2, 3406, 12040, 14, 43, 2408, 2039368, 28, 86, 9632, 2041776, 0, 0, 0, 0, 348, 0, 0, 100 }
Decoded Index : 92
{ 1, 2, 3277, 12040, 14, 43, 2408, 2051408, 28, 86, 9632, 2053816, 0, 0, 0, 0, 348, 0, 0, 101 }
Decoded Index : 93
{ 1, 2, 3358, 12040, 14, 43, 2408, 2063448, 28, 86, 9632, 2065856, 0, 0, 0, 0, 348, 0, 0, 101 }
Decoded Index : 94
{ 1, 2, 2889, 860, 1, 43, 172, 2075488, 2, 86, 688, 2075660, 0, 0, 0, 0, 348, 0, 0, 101 }
Decoded Index : 95
{ 1, 2, 3330, 12040, 14, 43, 2408, 2076348, 28, 86, 9632, 2078756, 0, 0, 0, 0, 348, 0, 0, 95 }
Decoded Index : 96
{ 1, 2, 3404, 12040, 14, 43, 2408, 2088388, 28, 86, 9632, 2090796, 0, 0, 0, 0, 348, 0, 0, 100 }
Decoded Index : 97
{ 1, 2, 2894, 860, 1, 43, 172, 2100428, 2, 86, 688, 2100600, 0, 0, 0, 0, 348, 0, 0, 101 }
Decoded Index : 98
{ 1, 2, 2900, 860, 1, 43, 172, 2101288, 2, 86, 688, 2101460, 0, 0, 0, 0, 348, 0, 0, 95 }
Decoded Index : 99
{ 1, 2, 3695, 32000, 25, 64, 6400, 2102148, 50, 128, 25600, 2108548, 0, 0, 0, 0, 348, 0, 0, 94 }
Decoded Index : 100
{ 1, 2, 3781, 32000, 25, 64, 6400, 2134148, 50, 128, 25600, 2140548, 0, 0, 0, 0, 348, 0, 0, 102 }
Decoded Index : 101
{ 1, 2, 2838, 1280, 1, 64, 256, 2166148, 2, 128, 1024, 2166404, 0, 0, 0, 0, 348, 0, 0, 103 }
Decoded Index : 102
{ 1, 2, 3512, 20240, 22, 46, 4048, 2167428, 44, 92, 16192, 2171476, 0, 0, 0, 0, 348, 0, 0, 98 }
Decoded Index : 103
{ 1, 2, 3570, 20240, 22, 46, 4048, 2187668, 44, 92, 16192, 2191716, 0, 0, 0, 0, 348, 0, 0, 101 }
Decoded Index : 104
{ 1, 2, 2838, 920, 1, 46, 184, 2207908, 2, 92, 736, 2208092, 0, 0, 0, 0, 348, 0, 0, 102 }
Decoded Index : 105
{ 1, 2, 2835, 420, 1, 21, 84, 2208828, 2, 42, 336, 2208912, 0, 0, 0, 0, 348, 0, 0, 95 }
Decoded Index : 106
{ 1, 2, 2833, 420, 1, 21, 84, 2209248, 2, 42, 336, 2209332, 0, 0, 0, 0, 348, 0, 0, 93 }
Decoded Index : 107
{ 1, 2, 2821, 420, 1, 21, 84, 2209668, 2, 42, 336, 2209752, 0, 0, 0, 0, 348, 0, 0, 93 }
Decoded Index : 108
{ 1, 2, 2837, 620, 1, 31, 124, 2210088, 2, 62, 496, 2210212, 0, 0, 0, 0, 348, 0, 0, 93 }
Decoded Index : 109
{ 1, 2, 2828, 620, 1, 31, 124, 2210708, 2, 62, 496, 2210832, 0, 0, 0, 0, 348, 0, 0, 94 }
Decoded Index : 110
{ 1, 2, 25741, 327680, 128, 128, 65536, 2211328, 256, 256, 262144, 2276864, 0, 0, 0, 0, 348, 0, 0, 94 }
Decoded Index : 111
{ 3, 3, 1010, 3010, 10, 10, 1057, 2539008, 43392, 17, 1, 111, 10, 10, 400, 2540068, 20, 20, 1600, 2540468 }
Decoded Index : 112
{ 3, 3, 2501, 4301, 10, 9, 2541, 2542068, 43392, 17, 1, 112, 10, 9, 360, 2544612, 20, 18, 1440, 2544972 }
Decoded Index : 113
{ 3, 3, 2060, 3680, 9, 9, 2109, 2546412, 43392, 17, 1, 113, 9, 9, 324, 2548524, 18, 18, 1296, 2548848 }
Decoded Index : 114
{ 3, 3, 2140, 3760, 9, 9, 2189, 2550144, 43392, 17, 1, 114, 9, 9, 324, 2552336, 18, 18, 1296, 2552660 }
Decoded Index : 115
{ 3, 3, 2037, 3117, 6, 9, 2086, 2553956, 43392, 17, 1, 115, 6, 9, 216, 2556044, 12, 18, 864, 2556260 }
Decoded Index : 116
{ 3, 3, 18697, 20497, 9, 10, 3958, 2557124, 43392, 17, 1, 116, 9, 10, 360, 2561084, 18, 20, 1440, 2561444 }
Decoded Index : 117
{ 3, 3, 18127, 19927, 9, 10, 3975, 2562884, 43392, 17, 1, 117, 9, 10, 360, 2566860, 18, 20, 1440, 2567220 }
Decoded Index : 118
{ 3, 3, 17863, 19663, 9, 10, 3971, 2568660, 43392, 17, 1, 118, 9, 10, 360, 2572632, 18, 20, 1440, 2572992 }
Decoded Index : 119
{ 3, 3, 19426, 21226, 9, 10, 3957, 2574432, 43392, 17, 1, 119, 9, 10, 360, 2578392, 18, 20, 1440, 2578752 }
Decoded Index : 120
{ 3, 3, 2036, 3116, 6, 9, 2085, 2580192, 43392, 17, 1, 120, 6, 9, 216, 2582280, 12, 18, 864, 2582496 }
Decoded Index : 121
{ 3, 3, 3965, 13465, 25, 19, 3945, 2583360, 43392, 17, 1, 121, 25, 19, 1900, 2587308, 50, 38, 7600, 2589208 }
Decoded Index : 122
{ 3, 3, 3966, 13466, 25, 19, 3946, 2596808, 43392, 17, 1, 122, 25, 19, 1900, 2600756, 50, 38, 7600, 2602656 }
Decoded Index : 123
{ 3, 3, 1980, 3580, 10, 8, 2020, 2610256, 43392, 17, 1, 123, 10, 8, 320, 2612276, 20, 16, 1280, 2612596 }
Decoded Index : 124
{ 3, 3, 1944, 3544, 10, 8, 1986, 2613876, 43392, 17, 1, 124, 10, 8, 320, 2615864, 20, 16, 1280, 2616184 }
Decoded Index : 125
{ 3, 3, 1951, 3751, 9, 10, 1992, 2617464, 43392, 17, 1, 125, 9, 10, 360, 2619456, 18, 20, 1440, 2619816 }
Decoded Index : 126
{ 3, 3, 1974, 3774, 9, 10, 2014, 2621256, 43392, 17, 1, 126, 9, 10, 360, 2623272, 18, 20, 1440, 2623632 }
Decoded Index : 127
{ 3, 3, 2320, 6520, 15, 14, 2367, 2625072, 43392, 17, 1, 127, 15, 14, 840, 2627440, 30, 28, 3360, 2628280 }
Decoded Index : 128
{ 3, 3, 2224, 6424, 15, 14, 2271, 2631640, 43392, 17, 1, 128, 15, 14, 840, 2633912, 30, 28, 3360, 2634752 }
Decoded Index : 129
{ 3, 3, 2275, 6475, 15, 14, 2322, 2638112, 43392, 17, 1, 129, 15, 14, 840, 2640436, 30, 28, 3360, 2641276 }
Decoded Index : 130
{ 3, 3, 2065, 6265, 15, 14, 2112, 2644636, 43392, 17, 1, 130, 15, 14, 840, 2646748, 30, 28, 3360, 2647588 }
Decoded Index : 131
{ 3, 3, 2276, 7676, 18, 15, 2323, 2650948, 43392, 17, 1, 131, 18, 15, 1080, 2653272, 36, 30, 4320, 2654352 }
Decoded Index : 132
{ 3, 3, 2056, 3676, 9, 9, 2103, 2658672, 43392, 17, 1, 132, 9, 9, 324, 2660776, 18, 18, 1296, 2661100 }
Decoded Index : 133
{ 3, 3, 4007, 6167, 12, 9, 3988, 2662396, 43392, 17, 1, 133, 12, 9, 432, 2666384, 24, 18, 1728, 2666816 }
Decoded Index : 134
{ 3, 3, 4034, 5994, 7, 14, 4015, 2668544, 43392, 17, 1, 134, 7, 14, 392, 2672560, 14, 28, 1568, 2672952 }
Decoded Index : 135
{ 3, 3, 18285, 19245, 6, 8, 4263, 2674520, 43392, 17, 1, 135, 6, 8, 192, 2678784, 12, 16, 768, 2678976 }
Decoded Index : 136
{ 3, 3, 1365, 5445, 17, 12, 1405, 2679744, 43392, 17, 1, 136, 17, 12, 816, 2681152, 34, 24, 3264, 2681968 }
Decoded Index : 137
{ 3, 3, 2771, 7191, 17, 13, 2806, 2685232, 43392, 17, 1, 137, 17, 13, 884, 2688040, 34, 26, 3536, 2688924 }
Decoded Index : 138
{ 3, 3, 3609, 6489, 12, 12, 3654, 2692460, 43392, 17, 1, 138, 12, 12, 576, 2696116, 24, 24, 2304, 2696692 }
Decoded Index : 139
{ 3, 3, 1982, 2962, 7, 7, 2031, 2698996, 43392, 17, 1, 139, 7, 7, 196, 2701028, 14, 14, 784, 2701224 }
Decoded Index : 140
{ 3, 3, 17455, 20815, 14, 12, 4081, 2702008, 43392, 17, 1, 140, 14, 12, 672, 2706092, 28, 24, 2688, 2706764 }
Decoded Index : 141
{ 3, 3, 2251, 92971, 72, 63, 2298, 2709452, 43392, 17, 1, 141, 72, 63, 18144, 2711752, 144, 126, 72576, 2729896 }
Decoded Index : 142
{ 3, 3, 1069, 3949, 12, 12, 1049, 2802472, 43392, 17, 1, 142, 12, 12, 576, 2803524, 24, 24, 2304, 2804100 }
Decoded Index : 143
{ 3, 3, 2081, 4501, 11, 11, 2120, 2806404, 43392, 17, 1, 143, 11, 11, 484, 2808524, 22, 22, 1936, 2809008 }
Decoded Index : 144
{ 3, 3, 3923, 6083, 12, 9, 3904, 2810944, 43392, 17, 1, 144, 12, 9, 432, 2814848, 24, 18, 1728, 2815280 }
Decoded Index : 145
{ 1, 2, 2837, 240, 4, 3, 48, 2817008, 8, 6, 192, 2817056, 0, 0, 0, 0, 348, 0, 0, 111 }
Decoded Index : 146
{ 3, 3, 47400, 50400, 15, 10, 3921, 2817248, 43392, 17, 1, 146, 15, 10, 600, 2821172, 30, 20, 2400, 2821772 }
Decoded Index : 147
{ 3, 3, 1970, 2570, 10, 3, 2018, 2824172, 43392, 17, 1, 147, 10, 3, 120, 2826192, 20, 6, 480, 2826312 }
Decoded Index : 148
{ 3, 3, 72252, 75892, 13, 14, 4209, 2826792, 43392, 17, 1, 148, 13, 14, 728, 2831004, 26, 28, 2912, 2831732 }
Decoded Index : 149
{ 3, 3, 2008, 3988, 9, 11, 2044, 2834644, 43392, 17, 1, 149, 9, 11, 396, 2836688, 18, 22, 1584, 2837084 }
Decoded Index : 150
{ 3, 3, 2165, 5545, 13, 13, 2212, 2838668, 43392, 17, 1, 150, 13, 13, 676, 2840880, 26, 26, 2704, 2841556 }
Decoded Index : 151
{ 3, 3, 2775, 6155, 13, 13, 2822, 2844260, 43392, 17, 1, 151, 13, 13, 676, 2847084, 26, 26, 2704, 2847760 }
Decoded Index : 152
{ 3, 3, 2088, 4608, 14, 9, 2136, 2850464, 43392, 17, 1, 152, 14, 9, 504, 2852600, 28, 18, 2016, 2853104 }
Decoded Index : 153
{ 3, 3, 2038, 3118, 9, 6, 2087, 2855120, 43392, 17, 1, 153, 9, 6, 216, 2857208, 18, 12, 864, 2857424 }
Decoded Index : 154
{ 3, 3, 3243, 7743, 15, 15, 3287, 2858288, 43392, 17, 1, 154, 15, 15, 900, 2861576, 30, 30, 3600, 2862476 }
Decoded Index : 155
{ 3, 3, 66960, 69840, 12, 12, 3947, 2866076, 43392, 17, 1, 155, 12, 12, 576, 2870024, 24, 24, 2304, 2870600 }
Decoded Index : 156
{ 3, 3, 3953, 6113, 12, 9, 3934, 2872904, 43392, 17, 1, 156, 12, 9, 432, 2876840, 24, 18, 1728, 2877272 }
Decoded Index : 157
{ 3, 3, 2149, 139929, 83, 83, 2196, 2879000, 43392, 17, 1, 157, 83, 83, 27556, 2881196, 166, 166, 110224, 2908752 }
Decoded Index : 158
{ 3, 3, 2104, 4264, 12, 9, 2148, 3018976, 43392, 17, 1, 158, 12, 9, 432, 3021124, 24, 18, 1728, 3021556 }
Decoded Index : 159
{ 3, 3, 3970, 11770, 26, 15, 3950, 3023284, 43392, 17, 1, 159, 26, 15, 1560, 3027236, 52, 30, 6240, 3028796 }
Decoded Index : 160
{ 1, 2, 7379, 317520, 126, 126, 63504, 3035036, 252, 252, 254016, 3098540, 0, 0, 0, 0, 348, 0, 0, 115 }
Decoded Index : 161
{ 1, 2, 7390, 317520, 126, 126, 63504, 3352556, 252, 252, 254016, 3416060, 0, 0, 0, 0, 348, 0, 0, 109 }
Decoded Index : 162
{ 1, 2, 4430, 20480, 32, 32, 4096, 3670076, 64, 64, 16384, 3674172, 0, 0, 0, 0, 348, 0, 0, 109 }
Decoded Index : 163
{ 3, 3, 2046, 3666, 9, 9, 2095, 3690556, 43392, 17, 1, 163, 9, 9, 324, 3692652, 18, 18, 1296, 3692976 }
Decoded Index : 164
{ 3, 3, 2812, 6652, 16, 12, 2859, 3694272, 43392, 17, 1, 164, 16, 12, 768, 3697132, 32, 24, 3072, 3697900 }
Decoded Index : 165
{ 3, 3, 12550, 17350, 16, 15, 3973, 3700972, 43392, 17, 1, 165, 16, 15, 960, 3704948, 32, 30, 3840, 3705908 }
Decoded Index : 166
{ 3, 3, 12547, 17347, 16, 15, 3974, 3709748, 43392, 17, 1, 166, 16, 15, 960, 3713724, 32, 30, 3840, 3714684 }
Decoded Index : 167
{ 3, 3, 4504, 9004, 15, 15, 4315, 3718524, 43392, 17, 1, 167, 15, 15, 900, 3722840, 30, 30, 3600, 3723740 }
Decoded Index : 168
{ 3, 3, 56989, 63469, 18, 18, 11978, 3727340, 43392, 17, 1, 168, 18, 18, 1296, 3739320, 36, 36, 5184, 3740616 }
Decoded Index : 169
{ 1, 2, 2826, 240, 4, 3, 48, 3745800, 8, 6, 192, 3745848, 0, 0, 0, 0, 348, 0, 0, 117 }
Decoded Index : 170
{ 3, 3, 2044, 4464, 11, 11, 2091, 3746040, 43392, 17, 1, 170, 11, 11, 484, 3748132, 22, 22, 1936, 3748616 }
Decoded Index : 171
{ 3, 3, 2041, 4461, 11, 11, 2088, 3750552, 43392, 17, 1, 171, 11, 11, 484, 3752640, 22, 22, 1936, 3753124 }
Decoded Index : 172
{ 3, 3, 2779, 6419, 14, 13, 2826, 3755060, 43392, 17, 1, 172, 14, 13, 728, 3757888, 28, 26, 2912, 3758616 }
Decoded Index : 173
{ 3, 3, 2160, 6060, 15, 13, 2207, 3761528, 43392, 17, 1, 173, 15, 13, 780, 3763736, 30, 26, 3120, 3764516 }
Decoded Index : 174
{ 3, 3, 8576, 29056, 32, 32, 8622, 3767636, 43392, 17, 1, 174, 32, 32, 4096, 3776260, 64, 64, 16384, 3780356 }
Decoded Index : 175
{ 3, 3, 2106, 8586, 18, 18, 2153, 3796740, 43392, 17, 1, 175, 18, 18, 1296, 3798896, 36, 36, 5184, 3800192 }
Decoded Index : 176
{ 3, 3, 16611, 23331, 21, 16, 4069, 3805376, 43392, 17, 1, 176, 21, 16, 1344, 3809448, 42, 32, 5376, 3810792 }
Decoded Index : 177
{ 3, 3, 2200, 6960, 17, 14, 2247, 3816168, 43392, 17, 1, 177, 17, 14, 952, 3818416, 34, 28, 3808, 3819368 }
Decoded Index : 178
{ 3, 3, 15870, 16350, 3, 8, 3929, 3823176, 43392, 17, 1, 178, 3, 8, 96, 3827108, 6, 16, 384, 3827204 }
Decoded Index : 179
{ 3, 3, 2154, 4854, 15, 9, 2200, 3827588, 43392, 17, 1, 179, 15, 9, 540, 3829788, 30, 18, 2160, 3830328 }
Decoded Index : 180
{ 3, 3, 2199, 4359, 9, 12, 2245, 3832488, 43392, 17, 1, 180, 9, 12, 432, 3834736, 18, 24, 1728, 3835168 }
Decoded Index : 181
{ 3, 3, 2252, 4412, 9, 12, 2300, 3836896, 43392, 17, 1, 181, 9, 12, 432, 3839196, 18, 24, 1728, 3839628 }
Decoded Index : 182
{ 3, 3, 2038, 4458, 11, 11, 2085, 3841356, 43392, 17, 1, 182, 11, 11, 484, 3843444, 22, 22, 1936, 3843928 }
Decoded Index : 183
{ 3, 3, 2048, 3328, 8, 8, 2097, 3845864, 43392, 17, 1, 183, 8, 8, 256, 3847964, 16, 16, 1024, 3848220 }
Decoded Index : 184
{ 3, 3, 2482, 6682, 14, 15, 2525, 3849244, 43392, 17, 1, 184, 14, 15, 840, 3851772, 28, 30, 3360, 3852612 }
Decoded Index : 185
{ 3, 3, 2497, 86677, 69, 61, 2544, 3855972, 43392, 17, 1, 185, 69, 61, 16836, 3858516, 138, 122, 67344, 3875352 }
Decoded Index : 186
{ 3, 3, 46156, 52636, 18, 18, 11585, 3942696, 43392, 17, 1, 186, 18, 18, 1296, 3954284, 36, 36, 5184, 3955580 }
Decoded Index : 187
{ 3, 3, 2183, 3983, 10, 9, 2229, 3960764, 43392, 17, 1, 187, 10, 9, 360, 3962996, 20, 18, 1440, 3963356 }
Decoded Index : 188
{ 1, 2, 3282, 19000, 38, 25, 3800, 3964796, 76, 50, 15200, 3968596, 0, 0, 0, 0, 348, 0, 0, 111 }
Decoded Index : 189
{ 1, 2, 3503, 11520, 24, 24, 2304, 3983796, 48, 48, 9216, 3986100, 0, 0, 0, 0, 348, 0, 0, 102 }
Decoded Index : 190
{ 1, 2, 3212, 11520, 24, 24, 2304, 3995316, 48, 48, 9216, 3997620, 0, 0, 0, 0, 348, 0, 0, 101 }
Decoded Index : 191
{ 1, 2, 3405, 11520, 24, 24, 2304, 4006836, 48, 48, 9216, 4009140, 0, 0, 0, 0, 348, 0, 0, 101 }
Decoded Index : 192
{ 1, 2, 3612, 11520, 24, 24, 2304, 4018356, 48, 48, 9216, 4020660, 0, 0, 0, 0, 348, 0, 0, 101 }
Decoded Index : 193
{ 1, 2, 3805, 11520, 24, 24, 2304, 4029876, 48, 48, 9216, 4032180, 0, 0, 0, 0, 348, 0, 0, 101 }
Decoded Index : 194
{ 1, 2, 2866, 500, 5, 5, 100, 4041396, 10, 10, 400, 4041496, 0, 0, 0, 0, 348, 0, 0, 101 }
Decoded Index : 195
{ 3, 3, 21943, 23223, 8, 8, 3945, 4041896, 43392, 17, 1, 195, 8, 8, 256, 4045844, 16, 16, 1024, 4046100 }
Decoded Index : 196
{ 3, 3, 17275, 22395, 16, 16, 4006, 4047124, 43392, 17, 1, 196, 16, 16, 1024, 4051132, 32, 32, 4096, 4052156 }
Decoded Index : 197
{ 3, 3, 19901, 22781, 12, 12, 3974, 4056252, 43392, 17, 1, 197, 12, 12, 576, 4060228, 24, 24, 2304, 4060804 }
Decoded Index : 198
{ 3, 3, 19902, 22782, 12, 12, 3974, 4063108, 43392, 17, 1, 198, 12, 12, 576, 4067084, 24, 24, 2304, 4067660 }
Decoded Index : 199
{ 3, 3, 20531, 23411, 12, 12, 3989, 4069964, 43392, 17, 1, 199, 12, 12, 576, 4073956, 24, 24, 2304, 4074532 }
Decoded Index : 200
{ 1, 2, 2975, 1280, 8, 8, 256, 4076836, 16, 16, 1024, 4077092, 0, 0, 0, 0, 348, 0, 0, 115 }
Decoded Index : 201
{ 1, 2, 18603, 300120, 122, 123, 60024, 4078116, 244, 246, 240096, 4138140, 0, 0, 0, 0, 348, 0, 0, 97 }
Decoded Index : 202
{ 1, 2, 3397, 12320, 28, 22, 2464, 4378236, 56, 44, 9856, 4380700, 0, 0, 0, 0, 348, 0, 0, 109 }
Decoded Index : 203
{ 1, 2, 3384, 12320, 28, 22, 2464, 4390556, 56, 44, 9856, 4393020, 0, 0, 0, 0, 348, 0, 0, 101 }
Decoded Index : 204
{ 1, 2, 2978, 5600, 20, 14, 1120, 4402876, 40, 28, 4480, 4403996, 0, 0, 0, 0, 348, 0, 0, 101 }
Decoded Index : 205
{ 1, 2, 3231, 17600, 40, 22, 3520, 4408476, 80, 44, 14080, 4411996, 0, 0, 0, 0, 348, 0, 0, 100 }
Decoded Index : 206
{ 1, 2, 3480, 17600, 40, 22, 3520, 4426076, 80, 44, 14080, 4429596, 0, 0, 0, 0, 348, 0, 0, 102 }
Decoded Index : 207
{ 1, 2, 2798, 460, 1, 23, 92, 4443676, 2, 46, 368, 4443768, 0, 0, 0, 0, 348, 0, 0, 102 }
Decoded Index : 208
{ 1, 2, 2906, 8800, 22, 20, 1760, 4444136, 44, 40, 7040, 4445896, 0, 0, 0, 0, 348, 0, 0, 94 }
Decoded Index : 209
{ 1, 2, 2904, 8800, 22, 20, 1760, 4452936, 44, 40, 7040, 4454696, 0, 0, 0, 0, 348, 0, 0, 99 }
Decoded Index : 210
{ 1, 2, 2904, 2340, 13, 9, 468, 4461736, 26, 18, 1872, 4462204, 0, 0, 0, 0, 348, 0, 0, 99 }
Decoded Index : 211
{ 1, 2, 3152, 17600, 40, 22, 3520, 4464076, 80, 44, 14080, 4467596, 0, 0, 0, 0, 348, 0, 0, 97 }
Decoded Index : 212
{ 1, 2, 3161, 17600, 40, 22, 3520, 4481676, 80, 44, 14080, 4485196, 0, 0, 0, 0, 348, 0, 0, 101 }
Decoded Index : 213
{ 1, 2, 2997, 9200, 23, 20, 1840, 4499276, 46, 40, 7360, 4501116, 0, 0, 0, 0, 348, 0, 0, 102 }
Decoded Index : 214
{ 1, 2, 2998, 9200, 23, 20, 1840, 4508476, 46, 40, 7360, 4510316, 0, 0, 0, 0, 348, 0, 0, 100 }
Decoded Index : 215
{ 1, 2, 2906, 980, 7, 7, 196, 4517676, 14, 14, 784, 4517872, 0, 0, 0, 0, 348, 0, 0, 100 }
Decoded Index : 216
{ 1, 2, 2930, 980, 7, 7, 196, 4518656, 14, 14, 784, 4518852, 0, 0, 0, 0, 348, 0, 0, 95 }
Decoded Index : 217
{ 1, 2, 3061, 8200, 41, 10, 1640, 4519636, 82, 20, 6560, 4521276, 0, 0, 0, 0, 348, 0, 0, 94 }
Decoded Index : 218
{ 1, 2, 2866, 500, 5, 5, 100, 4527836, 10, 10, 400, 4527936, 0, 0, 0, 0, 348, 0, 0, 99 }
Decoded Index : 219
{ 1, 2, 2864, 2420, 11, 11, 484, 4528336, 22, 22, 1936, 4528820, 0, 0, 0, 0, 348, 0, 0, 94 }
Decoded Index : 220
{ 1, 2, 3240, 17600, 40, 22, 3520, 4530756, 80, 44, 14080, 4534276, 0, 0, 0, 0, 348, 0, 0, 98 }
Decoded Index : 221
{ 1, 2, 3223, 17600, 40, 22, 3520, 4548356, 80, 44, 14080, 4551876, 0, 0, 0, 0, 348, 0, 0, 101 }
Decoded Index : 222
{ 1, 2, 3169, 17600, 40, 22, 3520, 4565956, 80, 44, 14080, 4569476, 0, 0, 0, 0, 348, 0, 0, 102 }
Decoded Index : 223
{ 2, 1, 3160, 3520, 40, 22, 3520, 4583556, 43392, 17, 1, 223, 0, 0, 0, 0, 348, 0, 0, 102 }
Decoded Index : 224
{ 2, 1, 3474, 14080, 80, 44, 14080, 4587076, 43392, 17, 1, 224, 0, 0, 0, 0, 348, 0, 0, 96 }
Decoded Index : 225
{ 1, 2, 3230, 17600, 40, 22, 3520, 4601156, 80, 44, 14080, 4604676, 0, 0, 0, 0, 348, 0, 0, 97 }
Decoded Index : 226
{ 1, 2, 3216, 17600, 40, 22, 3520, 4618756, 80, 44, 14080, 4622276, 0, 0, 0, 0, 348, 0, 0, 101 }
Decoded Index : 227
{ 1, 2, 3082, 19000, 38, 25, 3800, 4636356, 76, 50, 15200, 4640156, 0, 0, 0, 0, 348, 0, 0, 102 }
Decoded Index : 228
{ 1, 2, 3257, 19000, 38, 25, 3800, 4655356, 76, 50, 15200, 4659156, 0, 0, 0, 0, 348, 0, 0, 102 }
Decoded Index : 229
{ 3, 3, 18087, 21467, 13, 13, 4037, 4674356, 43392, 17, 1, 229, 13, 13, 676, 4678396, 26, 26, 2704, 4679072 }
Decoded Index : 230
{ 1, 2, 4177, 21780, 33, 33, 4356, 4681776, 66, 66, 17424, 4686132, 0, 0, 0, 0, 348, 0, 0, 115 }
Decoded Index : 231
{ 1, 2, 4195, 21780, 33, 33, 4356, 4703556, 66, 66, 17424, 4707912, 0, 0, 0, 0, 348, 0, 0, 102 }
Decoded Index : 232
{ 1, 2, 2919, 4500, 15, 15, 900, 4725336, 30, 30, 3600, 4726236, 0, 0, 0, 0, 348, 0, 0, 102 }
Decoded Index : 233
{ 1, 2, 2900, 2420, 11, 11, 484, 4729836, 22, 22, 1936, 4730320, 0, 0, 0, 0, 348, 0, 0, 99 }
Decoded Index : 234
{ 1, 2, 70182, 1310720, 256, 256, 262144, 4732256, 512, 512, 1048576, 4994400, 0, 0, 0, 0, 348, 0, 0, 98 }
Decoded Index : 235
{ 1, 2, 5793, 46080, 48, 48, 9216, 6042976, 96, 96, 36864, 6052192, 0, 0, 0, 0, 348, 0, 0, 112 }
Decoded Index : 236
{ 1, 2, 4217, 15680, 28, 28, 3136, 6089056, 56, 56, 12544, 6092192, 0, 0, 0, 0, 348, 0, 0, 102 }
Decoded Index : 237
{ 1, 2, 3343, 5120, 16, 16, 1024, 6104736, 32, 32, 4096, 6105760, 0, 0, 0, 0, 348, 0, 0, 102 }
Decoded Index : 238
{ 1, 2, 2955, 5120, 16, 16, 1024, 6109856, 32, 32, 4096, 6110880, 0, 0, 0, 0, 348, 0, 0, 100 }
Decoded Index : 239
{ 1, 2, 3011, 6480, 18, 18, 1296, 6114976, 36, 36, 5184, 6116272, 0, 0, 0, 0, 348, 0, 0, 100 }
Decoded Index : 240
{ 1, 2, 3104, 20480, 32, 32, 4096, 6121456, 64, 64, 16384, 6125552, 0, 0, 0, 0, 348, 0, 0, 100 }
Decoded Index : 241
{ 1, 2, 3461, 5120, 16, 16, 1024, 6141936, 32, 32, 4096, 6142960, 0, 0, 0, 0, 348, 0, 0, 102 }
Decoded Index : 242
{ 1, 2, 2946, 5120, 16, 16, 1024, 6147056, 32, 32, 4096, 6148080, 0, 0, 0, 0, 348, 0, 0, 100 }
Decoded Index : 243
{ 1, 2, 2961, 6480, 18, 18, 1296, 6152176, 36, 36, 5184, 6153472, 0, 0, 0, 0, 348, 0, 0, 100 }
Decoded Index : 244
{ 1, 2, 3098, 20480, 32, 32, 4096, 6158656, 64, 64, 16384, 6162752, 0, 0, 0, 0, 348, 0, 0, 100 }
Decoded Index : 245
{ 1, 2, 3269, 5120, 16, 16, 1024, 6179136, 32, 32, 4096, 6180160, 0, 0, 0, 0, 348, 0, 0, 102 }
Decoded Index : 246
{ 1, 2, 3060, 5120, 16, 16, 1024, 6184256, 32, 32, 4096, 6185280, 0, 0, 0, 0, 348, 0, 0, 100 }
Decoded Index : 247
{ 1, 2, 3122, 6480, 18, 18, 1296, 6189376, 36, 36, 5184, 6190672, 0, 0, 0, 0, 348, 0, 0, 100 }
Decoded Index : 248
{ 1, 2, 3488, 20480, 32, 32, 4096, 6195856, 64, 64, 16384, 6199952, 0, 0, 0, 0, 348, 0, 0, 100 }
Decoded Index : 249
{ 1, 2, 5186, 327680, 128, 128, 65536, 6216336, 256, 256, 262144, 6281872, 0, 0, 0, 0, 348, 0, 0, 102 }
Decoded Index : 250
{ 1, 2, 2916, 6480, 18, 18, 1296, 6544016, 36, 36, 5184, 6545312, 0, 0, 0, 0, 348, 0, 0, 109 }
Decoded Index : 251
{ 1, 2, 3037, 6480, 18, 18, 1296, 6550496, 36, 36, 5184, 6551792, 0, 0, 0, 0, 348, 0, 0, 100 }
Decoded Index : 252
{ 1, 2, 3178, 6480, 18, 18, 1296, 6556976, 36, 36, 5184, 6558272, 0, 0, 0, 0, 348, 0, 0, 100 }
Decoded Index : 253
{ 1, 2, 3188, 6480, 18, 18, 1296, 6563456, 36, 36, 5184, 6564752, 0, 0, 0, 0, 348, 0, 0, 100 }
Decoded Index : 254
{ 1, 2, 2894, 5780, 17, 17, 1156, 6569936, 34, 34, 4624, 6571092, 0, 0, 0, 0, 348, 0, 0, 100 }
Decoded Index : 255
{ 1, 2, 3004, 5780, 17, 17, 1156, 6575716, 34, 34, 4624, 6576872, 0, 0, 0, 0, 348, 0, 0, 100 }
Decoded Index : 256
{ 1, 2, 3116, 5780, 17, 17, 1156, 6581496, 34, 34, 4624, 6582652, 0, 0, 0, 0, 348, 0, 0, 100 }
Decoded Index : 257
{ 1, 2, 3114, 5780, 17, 17, 1156, 6587276, 34, 34, 4624, 6588432, 0, 0, 0, 0, 348, 0, 0, 100 }
Decoded Index : 258
{ 1, 2, 2857, 600, 5, 6, 120, 6593056, 10, 12, 480, 6593176, 0, 0, 0, 0, 348, 0, 0, 100 }
Decoded Index : 259
{ 1, 2, 3115, 19000, 38, 25, 3800, 6593656, 76, 50, 15200, 6597456, 0, 0, 0, 0, 348, 0, 0, 95 }
Decoded Index : 260
{ 1, 2, 3406, 6120, 17, 18, 1224, 6612656, 34, 36, 4896, 6613880, 0, 0, 0, 0, 348, 0, 0, 101 }
Decoded Index : 261
{ 3, 3, 16650, 18270, 9, 9, 3917, 6618776, 43392, 17, 1, 261, 9, 9, 324, 6622696, 18, 18, 1296, 6623020 }
Decoded Index : 262
{ 3, 3, 19830, 21450, 9, 9, 3991, 6624316, 43392, 17, 1, 262, 9, 9, 324, 6628308, 18, 18, 1296, 6628632 }
Decoded Index : 263
{ 3, 3, 14083, 15883, 9, 10, 3898, 6629928, 43392, 17, 1, 263, 9, 10, 360, 6633828, 18, 20, 1440, 6634188 }
Decoded Index : 264
{ 3, 3, 15211, 16291, 9, 6, 3904, 6635628, 43392, 17, 1, 264, 9, 6, 216, 6639532, 18, 12, 864, 6639748 }
Decoded Index : 265
{ 3, 3, 15272, 16352, 6, 9, 3896, 6640612, 43392, 17, 1, 265, 6, 9, 216, 6644508, 12, 18, 864, 6644724 }
Decoded Index : 266
{ 3, 3, 15727, 16807, 6, 9, 3902, 6645588, 43392, 17, 1, 266, 6, 9, 216, 6649492, 12, 18, 864, 6649708 }
Decoded Index : 267
{ 1, 2, 90550, 1310720, 256, 256, 262144, 6650572, 512, 512, 1048576, 6912716, 0, 0, 0, 0, 348, 0, 0, 110 }
Decoded Index : 268
{ 1, 2, 2867, 1080, 9, 6, 216, 7961292, 18, 12, 864, 7961508, 0, 0, 0, 0, 348, 0, 0, 113 }
Decoded Index : 269
{ 3, 3, 14985, 17585, 13, 10, 3928, 7962372, 43392, 17, 1, 269, 13, 10, 520, 7966300, 26, 20, 2080, 7966820 }
Decoded Index : 270
{ 3, 3, 56429, 59029, 13, 10, 4006, 7968900, 43392, 17, 1, 270, 13, 10, 520, 7972908, 26, 20, 2080, 7973428 }
Decoded Index : 271
{ 3, 3, 2042, 2542, 5, 5, 2091, 7975508, 43392, 17, 1, 271, 5, 5, 100, 7977600, 10, 10, 400, 7977700 }
Decoded Index : 272
{ 3, 3, 2028, 3468, 8, 9, 2077, 7978100, 43392, 17, 1, 272, 8, 9, 288, 7980180, 16, 18, 1152, 7980468 }
Decoded Index : 273
{ 3, 3, 3960, 13620, 21, 23, 3940, 7981620, 43392, 17, 1, 273, 21, 23, 1932, 7985560, 42, 46, 7728, 7987492 }
Decoded Index : 274
{ 3, 3, 2504, 6704, 15, 14, 2546, 7995220, 43392, 17, 1, 274, 15, 14, 840, 7997768, 30, 28, 3360, 7998608 }
Decoded Index : 275
{ 3, 3, 2111, 4271, 9, 12, 2159, 8001968, 43392, 17, 1, 275, 9, 12, 432, 8004128, 18, 24, 1728, 8004560 }
Decoded Index : 276
{ 3, 3, 55145, 60245, 17, 15, 9352, 8006288, 43392, 17, 1, 276, 17, 15, 1020, 8015640, 34, 30, 4080, 8016660 }
Decoded Index : 277
{ 3, 3, 3951, 14531, 23, 23, 3931, 8020740, 43392, 17, 1, 277, 23, 23, 2116, 8024672, 46, 46, 8464, 8026788 }
Decoded Index : 278
{ 3, 3, 2075, 4495, 11, 11, 2122, 8035252, 43392, 17, 1, 278, 11, 11, 484, 8037376, 22, 22, 1936, 8037860 }
Decoded Index : 279
{ 3, 3, 2074, 3354, 8, 8, 2123, 8039796, 43392, 17, 1, 279, 8, 8, 256, 8041920, 16, 16, 1024, 8042176 }
Decoded Index : 280
{ 3, 3, 2325, 6805, 16, 14, 2372, 8043200, 43392, 17, 1, 280, 16, 14, 896, 8045572, 32, 28, 3584, 8046468 }
Decoded Index : 281
{ 3, 3, 1204, 10884, 22, 22, 1184, 8050052, 43392, 17, 1, 281, 22, 22, 1936, 8051236, 44, 44, 7744, 8053172 }
Decoded Index : 282
{ 3, 3, 1151, 10831, 22, 22, 1131, 8060916, 43392, 17, 1, 282, 22, 22, 1936, 8062048, 44, 44, 7744, 8063984 }
Decoded Index : 283
{ 3, 3, 19570, 21970, 10, 12, 3992, 8071728, 43392, 17, 1, 283, 10, 12, 480, 8075720, 20, 24, 1920, 8076200 }
Decoded Index : 284
{ 3, 3, 2523, 6723, 15, 14, 2569, 8078120, 43392, 17, 1, 284, 15, 14, 840, 8080692, 30, 28, 3360, 8081532 }
Decoded Index : 285
{ 3, 3, 3959, 11759, 26, 15, 3939, 8084892, 43392, 17, 1, 285, 26, 15, 1560, 8088832, 52, 30, 6240, 8090392 }
Decoded Index : 286
{ 3, 3, 2152, 4852, 15, 9, 2200, 8096632, 43392, 17, 1, 286, 15, 9, 540, 8098832, 30, 18, 2160, 8099372 }
Decoded Index : 287
{ 3, 3, 2368, 6448, 12, 17, 2414, 8101532, 43392, 17, 1, 287, 12, 17, 816, 8103948, 24, 34, 3264, 8104764 }
Decoded Index : 288
{ 3, 3, 14875, 18255, 13, 13, 4098, 8108028, 43392, 17, 1, 288, 13, 13, 676, 8112128, 26, 26, 2704, 8112804 }
Decoded Index : 289
{ 3, 3, 16014, 20694, 18, 13, 4122, 8115508, 43392, 17, 1, 289, 18, 13, 936, 8119632, 36, 26, 3744, 8120568 }
Decoded Index : 290
{ 1, 2, 16181, 327680, 128, 128, 65536, 8124312, 256, 256, 262144, 8189848, 0, 0, 0, 0, 348, 0, 0, 115 }
Decoded Index : 291
{ 3, 3, 1279, 7039, 18, 16, 1259, 8451992, 43392, 17, 1, 291, 18, 16, 1152, 8453252, 36, 32, 4608, 8454404 }
Decoded Index : 292
{ 3, 3, 2235, 6995, 17, 14, 2282, 8459012, 43392, 17, 1, 292, 17, 14, 952, 8461296, 34, 28, 3808, 8462248 }
Decoded Index : 293
{ 3, 3, 2206, 5586, 13, 13, 2253, 8466056, 43392, 17, 1, 293, 13, 13, 676, 8468312, 26, 26, 2704, 8468988 }
Decoded Index : 294
{ 1, 2, 2846, 1620, 9, 9, 324, 8471692, 18, 18, 1296, 8472016, 0, 0, 0, 0, 348, 0, 0, 113 }
Decoded Index : 295
{ 1, 2, 2859, 1620, 9, 9, 324, 8473312, 18, 18, 1296, 8473636, 0, 0, 0, 0, 348, 0, 0, 97 }
Decoded Index : 296
{ 1, 2, 2825, 240, 4, 3, 48, 8474932, 8, 6, 192, 8474980, 0, 0, 0, 0, 348, 0, 0, 96 }
Decoded Index : 297
{ 3, 3, 2035, 2535, 5, 5, 2084, 8475172, 43392, 17, 1, 297, 5, 5, 100, 8477256, 10, 10, 400, 8477356 }
Decoded Index : 298
{ 1, 2, 3069, 5120, 16, 16, 1024, 8477756, 32, 32, 4096, 8478780, 0, 0, 0, 0, 348, 0, 0, 108 }
Decoded Index : 299
{ 1, 2, 3250, 5120, 16, 16, 1024, 8482876, 32, 32, 4096, 8483900, 0, 0, 0, 0, 348, 0, 0, 100 }
Decoded Index : 300
{ 1, 2, 2863, 5120, 16, 16, 1024, 8487996, 32, 32, 4096, 8489020, 0, 0, 0, 0, 348, 0, 0, 100 }
Decoded Index : 301
{ 1, 2, 3235, 5120, 16, 16, 1024, 8493116, 32, 32, 4096, 8494140, 0, 0, 0, 0, 348, 0, 0, 100 }
Decoded Index : 302
{ 1, 2, 3009, 5120, 16, 16, 1024, 8498236, 32, 32, 4096, 8499260, 0, 0, 0, 0, 348, 0, 0, 100 }
Decoded Index : 303
{ 1, 2, 3228, 5120, 16, 16, 1024, 8503356, 32, 32, 4096, 8504380, 0, 0, 0, 0, 348, 0, 0, 100 }
Decoded Index : 304
{ 1, 2, 2990, 5120, 16, 16, 1024, 8508476, 32, 32, 4096, 8509500, 0, 0, 0, 0, 348, 0, 0, 100 }
Decoded Index : 305
{ 1, 2, 3252, 5120, 16, 16, 1024, 8513596, 32, 32, 4096, 8514620, 0, 0, 0, 0, 348, 0, 0, 100 }
Decoded Index : 306
{ 1, 2, 2808, 5120, 16, 16, 1024, 8518716, 32, 32, 4096, 8519740, 0, 0, 0, 0, 348, 0, 0, 100 }
Decoded Index : 307
{ 1, 2, 2808, 5120, 16, 16, 1024, 8523836, 32, 32, 4096, 8524860, 0, 0, 0, 0, 348, 0, 0, 100 }
Decoded Index : 308
{ 3, 3, 2252, 6172, 14, 14, 2299, 8528956, 43392, 17, 1, 308, 14, 14, 784, 8531256, 28, 28, 3136, 8532040 }
Decoded Index : 309
{ 3, 3, 2285, 4285, 10, 10, 2323, 8535176, 43392, 17, 1, 309, 10, 10, 400, 8537500, 20, 20, 1600, 8537900 }
Decoded Index : 310
{ 3, 3, 16110, 21210, 17, 15, 4185, 8539500, 43392, 17, 1, 310, 17, 15, 1020, 8543688, 34, 30, 4080, 8544708 }
Decoded Index : 311
{ 3, 3, 2102, 4522, 11, 11, 2149, 8548788, 43392, 17, 1, 311, 11, 11, 484, 8550940, 22, 22, 1936, 8551424 }
Decoded Index : 312
{ 1, 2, 4137, 27380, 37, 37, 5476, 8553360, 74, 74, 21904, 8558836, 0, 0, 0, 0, 348, 0, 0, 113 }
Decoded Index : 313
{ 3, 3, 2312, 452312, 150, 150, 2354, 8580740, 43392, 17, 1, 313, 150, 150, 90000, 8583096, 300, 300, 360000, 8673096 }
Decoded Index : 314
{ 3, 3, 2333, 12013, 22, 22, 2380, 9033096, 43392, 17, 1, 314, 22, 22, 1936, 9035476, 44, 44, 7744, 9037412 }
Decoded Index : 315
{ 3, 3, 3366, 13046, 22, 22, 4425, 9045156, 43392, 17, 1, 315, 22, 22, 1936, 9049584, 44, 44, 7744, 9051520 }
Decoded Index : 316
{ 3, 3, 2053, 3853, 9, 10, 2101, 9059264, 43392, 17, 1, 316, 9, 10, 360, 9061368, 18, 20, 1440, 9061728 }
Decoded Index : 317
{ 3, 3, 10927, 11527, 5, 6, 3884, 9063168, 43392, 17, 1, 317, 5, 6, 120, 9067052, 10, 12, 480, 9067172 }
Decoded Index : 318
{ 3, 3, 31502, 32342, 7, 6, 3902, 9067652, 43392, 17, 1, 318, 7, 6, 168, 9071556, 14, 12, 672, 9071724 }
Decoded Index : 319
{ 3, 3, 46036, 54676, 24, 18, 4854, 9072396, 43392, 17, 1, 319, 24, 18, 1728, 9077252, 48, 36, 6912, 9078980 }
Decoded Index : 320
{ 3, 3, 2113, 4993, 12, 12, 2160, 9085892, 43392, 17, 1, 320, 12, 12, 576, 9088052, 24, 24, 2304, 9088628 }
Decoded Index : 321
{ 3, 3, 2108, 4988, 12, 12, 2155, 9090932, 43392, 17, 1, 321, 12, 12, 576, 9093088, 24, 24, 2304, 9093664 }
Decoded Index : 322
{ 3, 3, 16447, 20367, 14, 14, 4144, 9095968, 43392, 17, 1, 322, 14, 14, 784, 9100112, 28, 28, 3136, 9100896 }
Decoded Index : 323
{ 3, 3, 42007, 48307, 21, 15, 4056, 9104032, 43392, 17, 1, 323, 21, 15, 1260, 9108088, 42, 30, 5040, 9109348 }
Decoded Index : 324
{ 3, 3, 20202, 24042, 16, 12, 4117, 9114388, 43392, 17, 1, 324, 16, 12, 768, 9118508, 32, 24, 3072, 9119276 }
Decoded Index : 325
{ 1, 2, 4746, 20480, 32, 32, 4096, 9122348, 64, 64, 16384, 9126444, 0, 0, 0, 0, 348, 0, 0, 115 }
Decoded Index : 326
{ 1, 2, 2958, 20480, 32, 32, 4096, 9142828, 64, 64, 16384, 9146924, 0, 0, 0, 0, 348, 0, 0, 102 }
Decoded Index : 327
{ 3, 3, 2386, 6886, 15, 15, 2433, 9163308, 43392, 17, 1, 327, 15, 15, 900, 9165744, 30, 30, 3600, 9166644 }
Decoded Index : 328
{ 1, 2, 2833, 10240, 16, 32, 2048, 9170244, 32, 64, 8192, 9172292, 0, 0, 0, 0, 348, 0, 0, 113 }
Decoded Index : 329
{ 3, 3, 57106, 57806, 7, 5, 3902, 9180484, 43392, 17, 1, 329, 7, 5, 140, 9184388, 14, 10, 560, 9184528 }
Decoded Index : 330
{ 1, 2, 4517, 20480, 32, 32, 4096, 9185088, 64, 64, 16384, 9189184, 0, 0, 0, 0, 348, 0, 0, 110 }
Decoded Index : 331
{ 1, 2, 4061, 20480, 32, 32, 4096, 9205568, 64, 64, 16384, 9209664, 0, 0, 0, 0, 348, 0, 0, 102 }
Decoded Index : 332
{ 1, 2, 3270, 20480, 32, 32, 4096, 9226048, 64, 64, 16384, 9230144, 0, 0, 0, 0, 348, 0, 0, 102 }
Decoded Index : 333
{ 1, 2, 2840, 20480, 32, 32, 4096, 9246528, 64, 64, 16384, 9250624, 0, 0, 0, 0, 348, 0, 0, 102 }
Decoded Index : 334
{ 3, 3, 2116, 6036, 14, 14, 2163, 9267008, 43392, 17, 1, 334, 14, 14, 784, 9269172, 28, 28, 3136, 9269956 }
Decoded Index : 335
{ 3, 3, 2165, 6085, 14, 14, 2212, 9273092, 43392, 17, 1, 335, 14, 14, 784, 9275304, 28, 28, 3136, 9276088 }
Decoded Index : 336
{ 3, 3, 2213, 6133, 14, 14, 2260, 9279224, 43392, 17, 1, 336, 14, 14, 784, 9281484, 28, 28, 3136, 9282268 }
Decoded Index : 337
{ 3, 3, 4002, 12702, 29, 15, 3978, 9285404, 43392, 17, 1, 337, 29, 15, 1740, 9289384, 58, 30, 6960, 9291124 }
Decoded Index : 338
{ 3, 3, 4000, 12700, 29, 15, 3979, 9298084, 43392, 17, 1, 338, 29, 15, 1740, 9302064, 58, 30, 6960, 9303804 }
Decoded Index : 339
{ 3, 3, 16739, 17939, 6, 10, 4148, 9310764, 43392, 17, 1, 339, 6, 10, 240, 9314912, 12, 20, 960, 9315152 }
Decoded Index : 340
{ 1, 2, 3091, 5120, 16, 16, 1024, 9316112, 32, 32, 4096, 9317136, 0, 0, 0, 0, 348, 0, 0, 112 }
Decoded Index : 341
{ 1, 2, 2906, 5120, 16, 16, 1024, 9321232, 32, 32, 4096, 9322256, 0, 0, 0, 0, 348, 0, 0, 100 }
Decoded Index : 342
{ 3, 3, 2104, 4104, 10, 10, 2151, 9326352, 43392, 17, 1, 342, 10, 10, 400, 9328504, 20, 20, 1600, 9328904 }
Decoded Index : 343
{ 3, 3, 2168, 5168, 15, 10, 2215, 9330504, 43392, 17, 1, 343, 15, 10, 600, 9332720, 30, 20, 2400, 9333320 }
Decoded Index : 344
{ 3, 3, 2083, 4683, 13, 10, 2130, 9335720, 43392, 17, 1, 344, 13, 10, 520, 9337852, 26, 20, 2080, 9338372 }
Decoded Index : 345
{ 3, 3, 2086, 4686, 13, 10, 2133, 9340452, 43392, 17, 1, 345, 13, 10, 520, 9342588, 26, 20, 2080, 9343108 }
Decoded Index : 346
{ 3, 3, 2128, 4328, 11, 10, 2175, 9345188, 43392, 17, 1, 346, 11, 10, 440, 9347364, 22, 20, 1760, 9347804 }
Decoded Index : 347
{ 3, 3, 2047, 4247, 11, 10, 2094, 9349564, 43392, 17, 1, 347, 11, 10, 440, 9351660, 22, 20, 1760, 9352100 }